37
3.498244 0.766726 2.535474
3.939858 0.181682 2.917338
4.899644 0.413561 2.845072
5.822433 1.463634 2.893575
4.992171 2.527754 1.573463
2.578304 4.614757 1.386982
-1.464759 6.173114 1.482215
-3.127696 7.455212 1.036654
-4.033544 6.128654 1.010498
-2.454338 4.919541 1.857491
-2.961069 3.383290 1.435631
-2.339554 1.309680 1.083519
-1.134126 -0.005708 1.040249
-3.025766 -0.976087 3.978497
-3.629886 -2.985978 4.077437
-1.744812 -4.420880 3.306095
-1.136417 -3.265038 3.734269
-2.436460 -1.515263 3.560564
-3.866591 -1.431092 1.400070
-2.386695 0.088547 1.055147
-3.966294 2.478959 1.372358
-3.471421 3.347619 0.382068
0.113160 1.457504 0.341306
2.489329 3.129801 0.425507
4.709311 4.131616 0.486928
5.574148 5.071710 1.441863
4.906952 6.006140 2.521235
3.344679 4.676816 2.226265
2.627143 1.371236 3.065601
1.563478 -2.172886 3.169466
2.676595 -4.251839 3.462559
5.291464 -4.359967 3.677272
6.620452 -2.513705 4.205552
6.795675 -0.696473 4.282030
5.710404 -0.432493 4.198260
4.351804 -1.271229 4.096975
3.882273 -2.740772 4.054941