31
3.498244 0.766726 2.535474
3.939858 0.181682 2.917338
4.899644 0.413561 2.845072
5.822433 1.463634 2.893575
4.992171 2.527754 1.573463
2.578304 4.614757 1.386982
-3.127696 7.455212 1.036654
-4.033544 6.128654 1.010498
-3.013960 5.664874 1.449140
-2.115146 1.736218 0.888084
-1.293198 -0.126826 1.095882
-3.025766 -0.976087 3.978497
-3.629886 -2.985978 4.077437
-1.744812 -4.420880 3.306095
-1.136417 -3.265038 3.734269
-2.436460 -1.515263 3.560564
-3.866591 -1.431092 1.400070
-2.386695 0.088547 1.055147
-3.966294 2.478959 1.372358
-3.471421 3.347619 0.382068
-0.017856 1.707790 0.482346
4.736944 4.136767 0.344479
3.637507 3.345249 2.760100
1.563478 -2.172886 3.169466
2.676595 -4.251839 3.462559
5.291464 -4.359967 3.677272
6.620452 -2.513705 4.205552
6.795675 -0.696473 4.282030
5.710404 -0.432493 4.198260
4.272335 -1.089408 4.075283
3.882273 -2.740772 4.054941