23
1.602 -0.762 2.989
1.5275 -0.93725 2.9925
1.453 -1.1125 2.996
1.3785 -1.28775 2.9995
1.304 -1.463 3.003
1.783 -3.621 3.159
1.91475 -3.81375 3.15625
2.0465 -4.0065 3.1535
2.17825 -4.19925 3.15075
2.310 -4.392 3.148
-6.345 1.175 0.071
-6.345 0.975 0.067
-6.345 0.775 0.065
-6.345 0.575 0.063
-6.345 0.375 0.061
4.841 6.898 1.085
4.768 7.075 1.085
4.591 7.148 1.085
4.414 7.075 1.085
4.341 6.898 1.085
4.414 6.721 1.085
4.591 6.648 1.085
4.768 6.721 1.085

4.591 6.898 1.085
r=0.25
r/sqrt(2) = sqrt(2)/8 = 0.177